sec,nsec
6529,790306858
6529,797326728
6529,804426441
6529,819851279
6529,826960783
6529,834339506
6529,841528489
6529,856297705
6529,863596583
6529,871436346
6529,881592297
6529,895923754
6529,904864502
6529,912302026
6529,922251416
6529,940184786
6529,947285489
6529,954489003
6529,961585539
6529,980178907
6529,987317214
6529,994637551
6530,001871534
6530,011513633
6530,030181532
6530,037475671
6530,044825800
6530,052157075
6530,065438692
6530,072954757
6530,088565688
6530,096054046
6530,103639434
6530,112051434
6530,121627804
6530,131981828
6530,141257157
6530,151605348
6530,161784737
6530,172108084
6530,181395913
6530,191573167
6530,201711983
6530,211982517
6530,221283108
6530,231540830
6530,241714646
6530,253866319
6530,262173423
6530,275521863
6530,283035428
6530,291520865
6530,301856920
6530,311295583
6530,330268949
6530,337542932
6530,345103008
6530,352540897
6530,362016695
6530,371520253
6530,382022453
6530,391506688
6530,402237638
6530,411699946
6530,422196417
6530,431798621
6530,441343220
6530,452055055
6530,470845766
6530,478425217
6530,485906960
6530,493262193
6530,502219034
6530,511333323
6530,521560316
6530,532084391
6530,541311283
6530,551448902
6530,561835894
6530,571277265
6530,581711601
6530,592144166
6530,601984025
6530,616115222
6530,623577590
6530,632425890
6530,647955727
6530,655616688
6530,663222024
6530,671264338
6530,681648622
6530,692409675
6530,702393180
6530,720278269
6530,727578189
6530,734994151
6530,742451988
6530,751850546
6530,761345250
6530,771910992
6530,781950173
6530,791446648
6530,801807651
6530,811289074
6530,821737576
6530,832184985
6530,841653283
6530,852080900
6530,870292238
6530,877607263
6530,884961506
6530,892373561
6530,902078733
6530,911551146
6530,922005950
6530,931442998
6530,941894574
6530,951448809
6530,961894395
6530,971544619
6530,984600560
6531,003356323
6531,014136595
6531,023870360
6531,033712042
6531,044512418
6531,054440090
6531,064299688
6531,074305119
6531,084165291
6531,094037389
6531,104066779
6531,118392402
6531,125781176
6531,134443592
6531,144038139
6531,153593260
6531,164167282
6531,180239410
6531,187505372
6531,194843001
6531,203416719
6531,213871002
6531,224387421
6531,234138062
6531,243662922
6531,254126997
6531,263684670
6531,274214526
6531,283757720
6531,294284555
6531,310240433
6531,317512906
6531,324807201
6531,334394561
6531,343909682
6531,354403392
6531,363945700
6531,374558421
6531,384100104
6531,393634548
6531,404387372
6531,413946190
6531,424446515
6531,440241248
6531,447552471
6531,454948172
6531,464403084
6531,473885341
6531,484425093
6531,493989380
6531,503779499
6531,514344981
6531,523885622
6531,534503655
6531,544049453
6531,560198455
6531,567503896
6531,574805744
6531,584301906
6531,593784006
6531,604504955
6531,613956899
6531,623779987
6531,634277760
6531,643795902
6531,654474976
6531,664093690
6531,673604540
6531,687994538
6531,695386698
6531,703960416
6531,714509387
6531,724070236
6531,733608326
6531,744146047
6531,753667834
6531,764237169
6531,773825883
6531,784357667
6531,794177213
6531,803944312
6531,814461460
6531,830198380
6531,837542936
6531,844856398
6531,854347196
6531,863877369
6531,874400715
6531,884006824
6531,893622049
6531,904407217
6531,913960098
6531,924407715
6531,934017366
6531,950218243
6531,957623997
6531,964892615
6531,973729822
6531,984213897
6531,993777715
6532,003505335
6532,014279097
6532,024038435
6532,033694805
6532,044387578
6532,054062646
6532,063892765
6532,073635749
6532,084421751
6532,094247703
6532,104229593
6532,113849349
6532,123732280
6532,134211460
6532,143709080
6532,154286176
6532,163801557
6532,174314382
6532,183866742
6532,194323474
6532,210198258
6532,217464898
6532,224872891
6532,234303324
6532,243807403
6532,254280333
6532,263834307
6532,274328643
6532,283845743
6532,294366433
6532,304209781
6532,313705735
6532,324121894
6532,333696806
6532,344300308
6532,354063188
6532,363626954
6532,374185717
6532,383704692
6532,403967011
6532,421570227
6532,440433333
6532,460239561
6532,467293649
6532,474418466
6532,481574533
6532,501448573
6532,512588688
6532,521682091
6532,531781480
6532,541928265
6532,552086092
6532,562197252
6532,572315964
6532,582466811
6532,592634794
6532,601810853
6532,612032221
6532,622401193
6532,632490790
6532,642602888
6532,651736656
6532,661880576
6532,672031788
6532,682165865
6532,692295462
6532,702361102
6532,712516011
6532,721671238
6532,731873543
6532,742042307
6532,752258258
6532,762571449
6532,771683081
6532,781837470
6532,791945922
6532,802014166
6532,812131263
6532,822247475
6532,832614728
6532,841743444
6532,851833927
6532,861961337
6532,872074268
6532,882221417
6532,892348775
6532,902425039
6532,912561564
6532,921673873
6532,931788263
6532,941909423
6532,952037666
6532,962162940
6532,972284621
6532,982387552
6532,992529702
6533,002612581
6533,011919994
6533,022219434
6533,032528666
6533,041857069
6533,052173593
6533,062505637
6533,071836904
6533,082157855
6533,092526879
6533,101850907
6533,112198993
6533,122304997
6533,132429177
6533,142596327
6533,151783480
6533,162006775
6533,172117362
6533,182253001
6533,192368953
6533,202477873
6533,212617106
6533,221732437
6533,231890471
6533,242034913
6533,252180187
6533,262365201
6533,272538809
6533,281697160
6533,291778164
6533,302320676
6533,312467826
6533,322597006
6533,331721139
6533,341879799
6533,351980126
6533,362106910
6533,372256300
6533,382389178
6533,392522734
6533,402621602
6533,411896359
6533,422034238
6533,432160763
6533,442281662
6533,452422093
6533,462563461
6533,472671444
6533,481810108
6533,491942882
6533,502022740
6533,512166661
6533,522312143
6533,532489657
6533,541676602
6533,551879429
6533,562086526
6533,572241436
6533,582338846
6533,592589432
6533,602422781
6533,612527326
6533,621667188
6533,631778035
6533,641927216
6533,652070147
6533,662166671
6533,672277519
6533,682391648
6533,692532912
6533,701743919
6533,711854298
6533,721971031
6533,732096722
6533,742206267
6533,752303365
6533,762407494
6533,772551831
6533,781667630
6533,791844311
6533,802132137
6533,812287151
6533,822400186
6533,832533429
6533,841682926
6533,851792055
6533,862105610
6533,872237707
6533,882360951
6533,892505079
6533,902597333
6533,911712091
6533,921858875
6533,931992223
6533,942140310
6533,952258241
6533,962383724
6533,972482488
6533,982619169
6533,991786478
6534,002044512
6534,012619785
6534,022015636
6534,032348670
6534,042673266
6534,051987815
6534,062274651
6534,072586956
6534,081885307
6534,092234174
6534,102523042
6534,111889465
6534,122026511
6534,132232045
6534,142543726
6534,152680406
6534,161843497
6534,171990542
6534,182131286
6534,192320518
6534,202459855
6534,212611067
6534,221746137
6534,231899276
6534,242071217
6534,252228627
6534,262370829
6534,272573342
6534,281716902
6534,291902593
6534,301935472
6534,312066372
6534,322224563
6534,332423847
6534,342575736
6534,351727213
6534,361855404
6534,371985522
6534,382134546
6534,392248206
6534,402286815
6534,412427662
6534,422609968
6534,431750350
6534,441890260
6534,452070795
6534,462251746
6534,472393375
6534,482545993
6534,491651636
6534,501710036
6534,511851144
6534,522014283
6534,532172266
6534,542325769
6534,552464950
6534,562629808
6534,571757013
6534,581873433
6534,592026104
6534,602338565
6534,612496287
6534,622632916
6534,631782465
6534,641875813
6534,652017702
6534,662147091
6534,672318928
6534,682601754
6534,691762970
6534,702362253
6534,712511173
6534,721883742
6534,732336307
6534,741924240
6534,752062639
6534,762243799
6534,772385063
6534,782529452
6534,792648217
6534,801788026
6534,811911373
6534,822023002
6534,832180204
6534,842318395
6534,852456794
6534,862603736
6534,871711462
6534,881858195
6534,891970084
6534,902190879
6534,912342195
6534,922494605
6534,932667275
6534,941885366
6534,952078244
6534,962245133
6534,972374835
6534,982503807
6534,992657050
6535,001745818
6535,012062967
6535,022411470
6535,031726331
6535,042078688
6535,052415941
6535,061742937
6535,072073576
6535,082416610
6535,091732356
6535,101982787
6535,112355091
6535,122429272
6535,132565745
6535,141690138
6535,151805777
6535,161946781
6535,172067368
6535,182227955
6535,192387135
6535,202441368
6535,212586643
6535,221708484
6535,231815373
6535,241928773
6535,252106495
6535,262239790
6535,272433502
6535,282563256
6535,291648795
6535,301683653
6535,312183561
6535,322395763
6535,332543277
6535,341715326
6535,351851381
6535,362013583
6535,372262295
6535,382409444
6535,392566489
6535,402030829
6535,412175791
6535,422393513
6535,432561704
6535,441750524
6535,451856892
6535,462022271
6535,472190774
6535,482317455
6535,491821274
6535,502500713
6535,511805938
6535,522164077
6535,532609923
6535,541846920
6535,552041100
6535,562154187
6535,572266962
6535,582510465
6535,592648135
6535,601861122
6535,612153219
6535,622413180
6535,631781426
6535,642047429
6535,652271297
6535,662453395
6535,672562784
6535,681678635
6535,691830368
6535,702242933
6535,712356697
6535,722558274
6535,731868291
6535,742226585
6535,752328422
6535,762558801
6535,771703350
6535,781885968
6535,792401189
6535,810198206
6535,817282710
6535,824445444
6535,831543021
6535,842675115
6535,851803675
6535,861969835
6535,872154588
6535,882306998
6535,892479616
6535,901913747
6535,912078084
6535,922192682
6535,932339883
6535,942509949
6535,952657932
6535,961777742
6535,971941297
6535,982132770
6535,992324867
6536,002452798
6536,011856096
6536,022425640
6536,031731490
6536,042107441
6536,052419277
6536,061806690
6536,072155609
6536,082529893
6536,091888192
6536,102207111
6536,112548010
6536,121696049
6536,131870646
6536,142036493
6536,152226507
6536,162416677
6536,172592994
6536,181709418
6536,191844901
6536,202025279
6536,212160554
6536,222336818
6536,232505634
6536,241678255
6536,251838634
6536,262010523
6536,272148975
6536,282310187
6536,292470044
6536,302545111
6536,311663202
6536,321837278
6536,331969584
6536,342161108
6536,352294039
6536,362441240
6536,372578963
6536,381731168
6536,391895661
6536,401971926
6536,412134544
6536,422260548
6536,432438426
6536,442592190
6536,451704500
6536,461841962
6536,472007861
6536,482170219
6536,492342785
6536,502450924
6536,512565574
6536,521740123
6536,531928887
6536,542523743
6536,552647715
6536,561793150
6536,571917435
6536,582111511
6536,592219129
6536,602346071
6536,612499053
6536,621678498
6536,631803825
6536,641939829
6536,652078645
6536,662214961
6536,672369662
6536,682532593
6536,691686361
6536,701856427
6536,712008420
6536,722125986
6536,732220115
6536,742371848
6536,752520404
6536,761799432
6536,771930123
6536,782140032
6536,792303953
6536,802415321
6536,812555335
6536,821709103
6536,831844690
6536,841998766
6536,852281697
6536,862438586
6536,872560266
6536,881681482
6536,891848475
6536,901994844
6536,912112358
6536,922287111
6536,932451188
6536,942601827
6536,951732105
6536,961904723
6536,972027810
6536,982191731
6536,992341432
6537,002451551
6537,011753078
6537,022051581
6537,032358522
6537,041684424
6537,051982250
6537,062403097
6537,071700874
6537,082098335
6537,092480640
6537,102294562
6537,111737547
6537,121884228
6537,132039190
6537,142214048
6537,152372135
6537,162544388
6537,171674823
6537,181801087
6537,191941674
6537,202007313
6537,212151650
6537,222261352
6537,232391158
6537,242550807
6537,251736554
6537,261897506
6537,272058978
6537,282211284
6537,292354266
6537,302462249
6537,312589972
6537,321691917
6537,331794379
6537,341923195
6537,352033626
6537,362151140
6537,372272717
6537,382374658
6537,392475870
6537,402502447
6537,412639024
6537,421757532
6537,431879629
6537,441990841
6537,452121532
6537,462260453
6537,472433540
6537,482554075
6537,491685603
6537,501758065
6537,511887194
6537,522005281
6537,532147326
6537,542283330
6537,552440636
6537,562582108
6537,571694991
6537,581823130
6537,591974029
6537,602158574
6537,612332182
6537,622545946
6537,631695964
6537,642032331
6537,660220075
6537,667165831
6537,674220492
6537,682391242
6537,692526829
6537,702644396
6537,711759622
6537,721901980
6537,732048036
6537,742165758
6537,752312126
6537,762476307
6537,772629133
6537,781761235
6537,791922551
6537,802000065
6537,812568775
6537,821714158
6537,831854276
6537,842035696
6537,860193441
6537,867163571
6537,874183961
6537,882401222
6537,892531028
6537,902850937
6537,913333554
6537,922625603
6537,931779006
6537,941972561
6537,952117055
6537,962297537
6537,972427031
6537,982558138
6537,991713938
6538,002226763
6538,012575474
6538,021917158
6538,032213942
6538,042531820
6538,051849077
6538,062190236
6538,072494781
6538,081835579
6538,092184655
6538,102518418
6538,111862550
6538,122036783
6538,132151693
6538,142316186
6538,152496460
6538,162635432
6538,171991960
6538,182151974
6538,192253967
6538,202329555
6538,212626808
6538,221780992
6538,231829392
6538,250198125
6538,257138880
6538,264116615
6538,272388250
6538,282540400
6538,291661564
6538,302232514
6538,312308986
6538,322453532
6538,332588077
6538,341684449
6538,351782276
6538,361976613
6538,372370688
6538,382591744
6538,397884916
6538,407219724
6538,414327250
6538,422452271
6538,432443692
6538,442045219
6538,457890524
6538,465328569
6538,472544844
6538,490205507
6538,497128554
6538,505718522
6538,512859485
6538,521887576
6538,531969674
6538,542135833
6538,552559336
6538,562407476
6538,572627750
6538,581749383
6538,592391166
6538,602029255
6538,620255384
6538,627590201
6538,637655319
6538,655137285
6538,665807297
6538,680270472
6538,687584663
6538,700289251
6538,708832657
6538,716220754
6538,730279347
6538,737589059
6538,746243454
6538,755904355
6538,765602027
6538,776225946
6538,785912732
6538,795554832
6538,805413857
6538,822874156
6538,830240379
6538,837519102
6538,845190635
6538,855745596
6538,880224723
6538,900606938
6538,919723325
6538,927130276
6538,944656721
6538,955665326
6538,965332321
6538,977025818
6538,990284988
6538,997574700
6539,006362584
6539,024025382
6539,031644728
6539,039106419
6539,046718682
6539,055490264
6539,065434133
6539,075268888
6539,085115257
6539,094943814
6539,110230424
6539,117527688
6539,124834588
6539,135002154
6539,145585447
6539,155134422
6539,165700789
6539,175300180
6539,185845557
6539,195401198
6539,205213661
6539,215817997
6539,225329107
6539,240240301
6539,247515690
6539,254826861
6539,265397863
6539,274998139
6539,285524975
6539,295097335
6539,304875892
6539,315466946
6539,325023994
6539,335592496
6539,345101887
6539,355641327
6539,370201533
6539,377565672
6539,384977363
6539,395635604
6539,405503275
6539,415093083
6539,425855335
6539,435409518
6539,444992190
6539,455572619
6539,465287843
6539,475829522
6539,485338862
6539,500198754
6539,508811326
6539,516161142
6539,525778033
6539,535277945
6539,545840302
6539,555695004
6539,565239500
6539,575816283
6539,585320831
6539,594879180
6539,605627317
6539,615139677
6539,625701305
6539,640901925
6539,648119971
6539,655540203
6539,665056157
6539,675586743
6539,685058166
6539,695553907
6539,705462620
6539,714985293
6539,725505670
6539,735008083
6539,745499502
6539,755040872
6539,765479166
6539,774981422
6539,785491748
6539,795088274
6539,804995112
6539,815589916
6539,825200192
6539,835741611
6539,845280846
6539,855772005
6539,865319886
6539,874839850
6539,885564602
6539,895009045
6539,910214249
6539,917592867
6539,924922058
6539,935487644
6539,945098389
6539,955744599
6539,965334147
6539,975862388
6539,985729278
